# Matter power spectrum P(k) at redshift z=3
# for k=1.04309e-05 to 1.16724 h/Mpc,
# number of wavenumbers equal to 610
#    1:k (h/Mpc)              2:P (Mpc/h)^3        
       1.043087111886e-05       4.783199833361e+00 
       2.328827449386e-05       1.040220561858e+01 
       3.619072871606e-05       1.593376784089e+01 
       4.917282183693e-05       2.143305235615e+01 
       6.226971192524e-05       2.693211612473e+01 
       7.551743942081e-05       3.245538723929e+01 
       8.895324944123e-05       3.802401850113e+01 
       1.026159283136e-04       4.365767997828e+01 
       1.165461586368e-04       4.937548527642e+01 
       1.307868972119e-04       5.519655894939e+01 
       1.453837801876e-04       6.114043619463e+01 
       1.603855597069e-04       6.722737879487e+01 
       1.758445761706e-04       7.347864856584e+01 
       1.918172698705e-04       7.991676034640e+01 
       2.083647351037e-04       8.656572695786e+01 
       2.255533188239e-04       9.345130316316e+01 
       2.434552642627e-04       1.006012321754e+02 
       2.621493975277e-04       1.080454956057e+02 
       2.817218517194e-04       1.158165651803e+02 
       3.022668182466e-04       1.239496519218e+02 
       3.238873084228e-04       1.324829452234e+02 
       3.466958996713e-04       1.414578304098e+02 
       3.708154293954e-04       1.509190686203e+02 
       3.963795855232e-04       1.609149171825e+02 
       4.235333259189e-04       1.714971621326e+02 
       4.524330397698e-04       1.827210273780e+02 
       4.832463440056e-04       1.946449180958e+02 
       5.161513892349e-04       2.073299500047e+02 
       5.513355365760e-04       2.208392133150e+02 
       5.889932648010e-04       2.352367226676e+02 
       6.293231836308e-04       2.505860148345e+02 
       6.725240716151e-04       2.669483778131e+02 
       7.187899322899e-04       2.843807296210e+02 
       7.683041722460e-04       3.029332133535e+02 
       8.212331433263e-04       3.226466317730e+02 
       8.777194411226e-04       3.435499035424e+02 
       9.378754844777e-04       3.656577688704e+02 
       1.001777979754e-03       3.889689921116e+02 
       1.069463865657e-03       4.134652898872e+02 
       1.140928221200e-03       4.391149790918e+02 
       1.216124409039e-03       4.658545716005e+02 
       1.294966455752e-03       4.936287741103e+02 
       1.377333396527e-03       5.223524192115e+02 
       1.463075092930e-03       5.519366880692e+02 
       1.552018910536e-03       5.822880118599e+02 
       1.643976630940e-03       6.133075927985e+02 
       1.738751054004e-03       6.449187855991e+02 
       1.836141886733e-03       6.769711630666e+02 
       1.935950675729e-03       7.093880697123e+02 
       2.037984688679e-03       7.421080857732e+02 
       2.142059767157e-03       7.750299566534e+02 
       2.248002251254e-03       8.080830879033e+02 
       2.355650118765e-03       8.412154900951e+02 
       2.464853495250e-03       8.743125677205e+02 
       2.575474685496e-03       9.073095981535e+02 
       2.687387859711e-03       9.401912549177e+02 
       2.800478505666e-03       9.729359983213e+02 
       2.914642735143e-03       1.005485365701e+03 
       3.029786512017e-03       1.037840383900e+03 
       3.145824851236e-03       1.069865867691e+03 
       3.262681023307e-03       1.101548313342e+03 
       3.380285787376e-03       1.132946916122e+03 
       3.498576667373e-03       1.164044639956e+03 
       3.617497279291e-03       1.194803679458e+03 
       3.736996713182e-03       1.225139702881e+03 
       3.857028970359e-03       1.255089870089e+03 
       3.977552454248e-03       1.284641958743e+03 
       4.098529512081e-03       1.313816229693e+03 
       4.219926023879e-03       1.342595310178e+03 
       4.341711034873e-03       1.370988214500e+03 
       4.463856427418e-03       1.398930096967e+03 
       4.586336628543e-03       1.426436317627e+03 
       4.709128349491e-03       1.453487033779e+03 
       4.832210353843e-03       1.480199314299e+03 
       4.955563251102e-03       1.506417066387e+03 
       5.079169312920e-03       1.532151414444e+03 
       5.203012309401e-03       1.557495203861e+03 
       5.327077363214e-03       1.582447351730e+03 
       5.451350819471e-03       1.607030722648e+03 
       5.575820129577e-03       1.631137734050e+03 
       5.700473747441e-03       1.654817308903e+03 
       5.825301036651e-03       1.678068408184e+03 
       5.950292187350e-03       1.700927954158e+03 
       6.075438141725e-03       1.723401302092e+03 
       6.200730527134e-03       1.745452051079e+03 
       6.326161596013e-03       1.767052934576e+03 
       6.451724171817e-03       1.788227530917e+03 
       6.577411600327e-03       1.809057098110e+03 
       6.703217705732e-03       1.829503910581e+03 
       6.829136750972e-03       1.849511778781e+03 
       6.955163401890e-03       1.869138607797e+03 
       7.081292694779e-03       1.888347095262e+03 
       7.207520006971e-03       1.907246702518e+03 
       7.333841030152e-03       1.925690396656e+03 
       7.460251746124e-03       1.943758026703e+03 
       7.586748404751e-03       1.961453566552e+03 
       7.713327503892e-03       1.978815067424e+03 
       7.839985771098e-03       1.995837132373e+03 
       7.966720146919e-03       2.012440417604e+03 
       8.093527769644e-03       2.028694124938e+03 
       8.220405961357e-03       2.044620120082e+03 
       8.347352215166e-03       2.060165985828e+03 
       8.474364183501e-03       2.075440226570e+03 
       8.601439667380e-03       2.090317971654e+03 
       8.728576606557e-03       2.104769295959e+03 
       8.855773070466e-03       2.118819171453e+03 
       8.983027249886e-03       2.132579336864e+03 
       9.110337449280e-03       2.146060595055e+03 
       9.237702079726e-03       2.159171850280e+03 
       9.365119652396e-03       2.171990952240e+03 
       9.492588772554e-03       2.184528902971e+03 
       9.620108133991e-03       2.196770220498e+03 
       9.747676513897e-03       2.208688160323e+03 
       9.875292768116e-03       2.220303603199e+03 
       1.000295582674e-02       2.231622837770e+03 
       1.013066469007e-02       2.242646053142e+03 
       1.025841842478e-02       2.253382454059e+03 
       1.038621616051e-02       2.263822256859e+03 
       1.051405708656e-02       2.273983190631e+03 
       1.064194044887e-02       2.283867218966e+03 
       1.076986554729e-02       2.293464140430e+03 
       1.089783173291e-02       2.302783351850e+03 
       1.102583840571e-02       2.311834684546e+03 
       1.115388501225e-02       2.320614769954e+03 
       1.128197104364e-02       2.329125409966e+03 
       1.141009603360e-02       2.337373976250e+03 
       1.153825955662e-02       2.345361278562e+03 
       1.166646122628e-02       2.353091749145e+03 
       1.179470069373e-02       2.360561961611e+03 
       1.192297764623e-02       2.367782263336e+03 
       1.205129180575e-02       2.374753410668e+03 
       1.217964292777e-02       2.381481281500e+03 
       1.230803080009e-02       2.387964886914e+03 
       1.243645524175e-02       2.394208977094e+03 
       1.256491610200e-02       2.400212903407e+03 
       1.269341325940e-02       2.405982634682e+03 
       1.282194662094e-02       2.411519339790e+03 
       1.295051612122e-02       2.416827918908e+03 
       1.307912172171e-02       2.421910274054e+03 
       1.320776341008e-02       2.426769194364e+03 
       1.333644119956e-02       2.431407773222e+03 
       1.346515512834e-02       2.435827638184e+03 
       1.359390525904e-02       2.440032545182e+03 
       1.372269167822e-02       2.444024201094e+03 
       1.385151449592e-02       2.447805224051e+03 
       1.398037384525e-02       2.451378607001e+03 
       1.410926988205e-02       2.454746879708e+03 
       1.423820278447e-02       2.457912710110e+03 
       1.436717275277e-02       2.460878528277e+03 
       1.449618000895e-02       2.463646521789e+03 
       1.462522479659e-02       2.466219874874e+03 
       1.475430738058e-02       2.468600494601e+03 
       1.488342804698e-02       2.470791238446e+03 
       1.501258710284e-02       2.472794479296e+03 
       1.514178487608e-02       2.474612851060e+03 
       1.527102171537e-02       2.476248322922e+03 
       1.540029799009e-02       2.477703343882e+03 
       1.552961409021e-02       2.478980820141e+03 
       1.565897042633e-02       2.480082514018e+03 
       1.578836742961e-02       2.481010968093e+03 
       1.591780555180e-02       2.481768557436e+03 
       1.604728526527e-02       2.482357475059e+03 
       1.617680706305e-02       2.482779728113e+03 
       1.630637145891e-02       2.483038377559e+03 
       1.643597898745e-02       2.483135194436e+03 
       1.656563020418e-02       2.483072131851e+03 
       1.669532568568e-02       2.482851745931e+03 
       1.682506602971e-02       2.482476193499e+03 
       1.695485185541e-02       2.481947522658e+03 
       1.708468380341e-02       2.481267945422e+03 
       1.721456253612e-02       2.480439828723e+03 
       1.734448873784e-02       2.479465068868e+03 
       1.747446311506e-02       2.478345414534e+03 
       1.760448639668e-02       2.477083603128e+03 
       1.773455933427e-02       2.475681460325e+03 
       1.786468270236e-02       2.474141037607e+03 
       1.799485729872e-02       2.472464184044e+03 
       1.812508394467e-02       2.470653097095e+03 
       1.825536348543e-02       2.468709764232e+03 
       1.838569679045e-02       2.466636098244e+03 
       1.851608475377e-02       2.464434313422e+03 
       1.864652829440e-02       2.462106009405e+03 
       1.877702835672e-02       2.459653263575e+03 
       1.890758591090e-02       2.457078065298e+03 
       1.903820195330e-02       2.454382530021e+03 
       1.916887750696e-02       2.451568303682e+03 
       1.929961362202e-02       2.448637244060e+03 
       1.943041137625e-02       2.445591204934e+03 
       1.956127187550e-02       2.442432424774e+03 
       1.969219625428e-02       2.439162506280e+03 
       1.982318567624e-02       2.435783305226e+03 
       1.995424133477e-02       2.432296654125e+03 
       2.008536445356e-02       2.428704338397e+03 
       2.021655628720e-02       2.425009033204e+03 
       2.034781812179e-02       2.421210777080e+03 
       2.047915127561e-02       2.417312282014e+03 
       2.061055709972e-02       2.413315339265e+03 
       2.074203697873e-02       2.409221434435e+03 
       2.087359233141e-02       2.405032462951e+03 
       2.100522461148e-02       2.400747132595e+03 
       2.113693530836e-02       2.396373059227e+03 
       2.126872594789e-02       2.391908869298e+03 
       2.140059809319e-02       2.387356325446e+03 
       2.153255334547e-02       2.382716978340e+03 
       2.166459334486e-02       2.378041172340e+03 
       2.179671977128e-02       2.373233031792e+03 
       2.192893434542e-02       2.368342261468e+03 
       2.206123882956e-02       2.363371370871e+03 
       2.219363502864e-02       2.358321962209e+03 
       2.232612479118e-02       2.353239008516e+03 
       2.245871001034e-02       2.348041904904e+03 
       2.259139262495e-02       2.342764607029e+03 
       2.272417462066e-02       2.337414816028e+03 
       2.285705803096e-02       2.331993744107e+03 
       2.299004493844e-02       2.326543587355e+03 
       2.312313747594e-02       2.320985202968e+03 
       2.325633782777e-02       2.315359836447e+03 
       2.338964823100e-02       2.309673224586e+03 
       2.352307097677e-02       2.303918273258e+03 
       2.365660841166e-02       2.298138277185e+03 
       2.379026293904e-02       2.292259632609e+03 
       2.392403702055e-02       2.286321379348e+03 
       2.405793317759e-02       2.280324956907e+03 
       2.419195399280e-02       2.274272017574e+03 
       2.432610211173e-02       2.268200765932e+03 
       2.446038024440e-02       2.262038269926e+03 
       2.459479116701e-02       2.255822954545e+03 
       2.472933772370e-02       2.249555505461e+03 
       2.486402282834e-02       2.243268061762e+03 
       2.499884946638e-02       2.236900871387e+03 
       2.513382069678e-02       2.230486132958e+03 
       2.526893965399e-02       2.224024803208e+03 
       2.540420955002e-02       2.217547391109e+03 
       2.553963367652e-02       2.211001483624e+03 
       2.567521540700e-02       2.204407169925e+03 
       2.581095819910e-02       2.197771543634e+03 
       2.594686559691e-02       2.191096565506e+03 
       2.608294123343e-02       2.184405308478e+03 
       2.621918883302e-02       2.177651016028e+03 
       2.635561221406e-02       2.170862649043e+03 
       2.649221529159e-02       2.164042852358e+03 
       2.662900208010e-02       2.157202812889e+03 
       2.676597669644e-02       2.150307475106e+03 
       2.690314336273e-02       2.143378650587e+03 
       2.704050640954e-02       2.136417935947e+03 
       2.717807027901e-02       2.129445119133e+03 
       2.731583952821e-02       2.122427222316e+03 
       2.745381883258e-02       2.115377817905e+03 
       2.759201298946e-02       2.108301674744e+03 
       2.773042692183e-02       2.101202542075e+03 
       2.786906568212e-02       2.094096004951e+03 
       2.800793445619e-02       2.086942132033e+03 
       2.814703856748e-02       2.079764470209e+03 
       2.828638348128e-02       2.072565748190e+03 
       2.842597480921e-02       2.065358375605e+03 
       2.856581831380e-02       2.058114328669e+03 
       2.870591991337e-02       2.050853568820e+03 
       2.884628568698e-02       2.043572637250e+03 
       2.898692187962e-02       2.036272493179e+03 
       2.912783490767e-02       2.028969579219e+03 
       2.926903136447e-02       2.021634804071e+03 
       2.941051802621e-02       2.014283610426e+03 
       2.955230185800e-02       2.006915865751e+03 
       2.969439002024e-02       1.999546310783e+03 
       2.983678987522e-02       1.992153699496e+03 
       2.997950899399e-02       1.984745171346e+03 
       3.012255516359e-02       1.977326012215e+03 
       3.026593639451e-02       1.969893878959e+03 
       3.040966092849e-02       1.962462488219e+03 
       3.055373724671e-02       1.955012169194e+03 
       3.069817407827e-02       1.947552975043e+03 
       3.084298040910e-02       1.940081392093e+03 
       3.098816549125e-02       1.932601716530e+03 
       3.113373885257e-02       1.925125121244e+03 
       3.127971030688e-02       1.917631673613e+03 
       3.142608996458e-02       1.910130164803e+03 
       3.157288824377e-02       1.902625242383e+03 
       3.172011588184e-02       1.895124071614e+03 
       3.186778394768e-02       1.887608612940e+03 
       3.201590385444e-02       1.880091422154e+03 
       3.216448737287e-02       1.872570713816e+03 
       3.231354664538e-02       1.865047150290e+03 
       3.246309420069e-02       1.857542307421e+03 
       3.261314296936e-02       1.850010861425e+03 
       3.276370629993e-02       1.842477996172e+03 
       3.291479797597e-02       1.834945841802e+03 
       3.306643223401e-02       1.827419169121e+03 
       3.321862378231e-02       1.819884222032e+03 
       3.337138782075e-02       1.812349687877e+03 
       3.352474006161e-02       1.804830307972e+03 
       3.367869675157e-02       1.797303505836e+03 
       3.383327469485e-02       1.789770169842e+03 
       3.398849127761e-02       1.782238751370e+03 
       3.414436449371e-02       1.774712538535e+03 
       3.430091297184e-02       1.767184740618e+03 
       3.445815600430e-02       1.759680005825e+03 
       3.461611357727e-02       1.752161263630e+03 
       3.477480640292e-02       1.744639892981e+03 
       3.493425595333e-02       1.737122206065e+03 
       3.509448449647e-02       1.729613110481e+03 
       3.525551513422e-02       1.722102929967e+03 
       3.541737184277e-02       1.714608660054e+03 
       3.558007951546e-02       1.707107054119e+03 
       3.574366400818e-02       1.699611566869e+03 
       3.590815218772e-02       1.692119951660e+03 
       3.607357198311e-02       1.684630268466e+03 
       3.623995244023e-02       1.677142680170e+03 
       3.640732377997e-02       1.669675023965e+03 
       3.657571746023e-02       1.662199426035e+03 
       3.674516624198e-02       1.654725923875e+03 
       3.691570425979e-02       1.647260998737e+03 
       3.708736709721e-02       1.639795040250e+03 
       3.726019186724e-02       1.632342885789e+03 
       3.743421729854e-02       1.624887908234e+03 
       3.760948382773e-02       1.617438464794e+03 
       3.778603369826e-02       1.609991290791e+03 
       3.796391106656e-02       1.602544895332e+03 
       3.814316211602e-02       1.595113829135e+03 
       3.832383517951e-02       1.587681726023e+03 
       3.850598087121e-02       1.580247230056e+03 
       3.868965222866e-02       1.572816127601e+03 
       3.887490486590e-02       1.565390970887e+03 
       3.906179713880e-02       1.557975124657e+03 
       3.925039032378e-02       1.550553936412e+03 
       3.944074881114e-02       1.543134074026e+03 
       3.963294031455e-02       1.535712753767e+03 
       3.982703609824e-02       1.528300341454e+03 
       4.002311122373e-02       1.520884419474e+03 
       4.022124481822e-02       1.513465293417e+03 
       4.042152036677e-02       1.506047329873e+03 
       4.062402603089e-02       1.498628073479e+03 
       4.082885499657e-02       1.491216191394e+03 
       4.103610585475e-02       1.483794507335e+03 
       4.124588301813e-02       1.476366715612e+03 
       4.145829717843e-02       1.468940157560e+03 
       4.167346580881e-02       1.461511213409e+03 
       4.189151371685e-02       1.454072498635e+03 
       4.211257365431e-02       1.446627246536e+03 
       4.233678699063e-02       1.439172849643e+03 
       4.256430445825e-02       1.431708611616e+03 
       4.279528697902e-02       1.424241494589e+03 
       4.302990658230e-02       1.416758358373e+03 
       4.326834742715e-02       1.409270317873e+03 
       4.351080694273e-02       1.401763534336e+03 
       4.375749710350e-02       1.394246757196e+03 
       4.400864585843e-02       1.386708195780e+03 
       4.426449873674e-02       1.379149613811e+03 
       4.452532065632e-02       1.371576797894e+03 
       4.479139796590e-02       1.363984553567e+03 
       4.506304075731e-02       1.356363551767e+03 
       4.534058549086e-02       1.348711701085e+03 
       4.562439798507e-02       1.341038258140e+03 
       4.591487683159e-02       1.333325777868e+03 
       4.621245730810e-02       1.325588451562e+03 
       4.651761587668e-02       1.317808752760e+03 
       4.683087537285e-02       1.309986010252e+03 
       4.715281101280e-02       1.302118250767e+03 
       4.748405737352e-02       1.294209225408e+03 
       4.782531653486e-02       1.286235824880e+03 
       4.817736761468e-02       1.278204306628e+03 
       4.854107798233e-02       1.270117137540e+03 
       4.891741650214e-02       1.261952362334e+03 
       4.930746924428e-02       1.253708622694e+03 
       4.971245820767e-02       1.245387115221e+03 
       5.013376373697e-02       1.236961944570e+03 
       5.057295149009e-02       1.228434993718e+03 
       5.103180503552e-02       1.219795463369e+03 
       5.151236544193e-02       1.211022898057e+03 
       5.201697958237e-02       1.202106903968e+03 
       5.254835932731e-02       1.193022986495e+03 
       5.310965436115e-02       1.183755395365e+03 
       5.370454203232e-02       1.174271104361e+03 
       5.433733842284e-02       1.164542608669e+03 
       5.501313563006e-02       1.154527803030e+03 
       5.573797090896e-02       1.144176148402e+03 
       5.651903340852e-02       1.133425243045e+03 
       5.736491287395e-02       1.122186844978e+03 
       5.828589012963e-02       1.110358596838e+03 
       5.929425811586e-02       1.097794046467e+03 
       6.040463892286e-02       1.084307068925e+03 
       6.163421749254e-02       1.069648709620e+03 
       6.300273497609e-02       1.053480173826e+03 
       6.453196853978e-02       1.035353996616e+03 
       6.624429598307e-02       1.014711540977e+03 
       6.815991463775e-02       9.908655282168e+02 
       7.029260071234e-02       9.630936829692e+02 
       7.264482105845e-02       9.307812332222e+02 
       7.520431159917e-02       8.936453165482e+02 
       7.794464104490e-02       8.519884781253e+02 
       8.083041608401e-02       8.067746059298e+02 
       8.382469085322e-02       7.595495059115e+02 
       8.689498167624e-02       7.121511923972e+02 
       9.001604331430e-02       6.664146098075e+02 
       9.316988451039e-02       6.239017768187e+02 
       9.634441366254e-02       5.857350009112e+02 
       9.953180982606e-02       5.525558209705e+02 
       1.027271363457e-01       5.245235419600e+02 
       1.059273243170e-01       5.013970997601e+02 
       1.091304837548e-01       4.826108908636e+02 
       1.123354573101e-01       4.673717569982e+02 
       1.155415386460e-01       4.547520373956e+02 
       1.187482974873e-01       4.437725933194e+02 
       1.219554719558e-01       4.334970851320e+02 
       1.251629026877e-01       4.231061877524e+02 
       1.283704926551e-01       4.119702808213e+02 
       1.315781827139e-01       3.996911490373e+02 
       1.347859367397e-01       3.861240024172e+02 
       1.379937325985e-01       3.713604221763e+02 
       1.412015566637e-01       3.556898929931e+02 
       1.444094004872e-01       3.395371312923e+02 
       1.476172587771e-01       3.233909497917e+02 
       1.508251281703e-01       3.077408155573e+02 
       1.540330064853e-01       2.930189994274e+02 
       1.572408922694e-01       2.795608146771e+02 
       1.604487845211e-01       2.675822893287e+02 
       1.636566825225e-01       2.571745763458e+02 
       1.668645857354e-01       2.483084937438e+02 
       1.700724937384e-01       2.408524116688e+02 
       1.732804061878e-01       2.345932681647e+02 
       1.764883227931e-01       2.292646462394e+02 
       1.796962433019e-01       2.245717112229e+02 
       1.829041674901e-01       2.202376967745e+02 
       1.861120951555e-01       2.160204830351e+02 
       1.893200261137e-01       2.116411691176e+02 
       1.925279601947e-01       2.069321988410e+02 
       1.957358972416e-01       2.018018311965e+02 
       1.989438371083e-01       1.962370853309e+02 
       2.021517796587e-01       1.902971067919e+02 
       2.053597247654e-01       1.840955042859e+02 
       2.085676723094e-01       1.777793574772e+02 
       2.117756221788e-01       1.715056254122e+02 
       2.149835742687e-01       1.654223125006e+02 
       2.181915284803e-01       1.596544808702e+02 
       2.213994847207e-01       1.542969957593e+02 
       2.246074429023e-01       1.494110326995e+02 
       2.278154029426e-01       1.450241109232e+02 
       2.310233647635e-01       1.411309684785e+02 
       2.342313282914e-01       1.376962505223e+02 
       2.374392934567e-01       1.346586531853e+02 
       2.406472601934e-01       1.319375095913e+02 
       2.438552284392e-01       1.294410405684e+02 
       2.470631981348e-01       1.270761141389e+02 
       2.502711692241e-01       1.247574192924e+02 
       2.534791416539e-01       1.224147492753e+02 
       2.566871153736e-01       1.199975929698e+02 
       2.598950903352e-01       1.174769576962e+02 
       2.631030664930e-01       1.148447466494e+02 
       2.663110438034e-01       1.121116232955e+02 
       2.695190222251e-01       1.093040327220e+02 
       2.727270017187e-01       1.064604808576e+02 
       2.759349822464e-01       1.036268774790e+02 
       2.791429637726e-01       1.008513301251e+02 
       2.823509462629e-01       9.817862355458e+01 
       2.855589296847e-01       9.564538218894e+01 
       2.887669140067e-01       9.327637779184e+01 
       2.919748991992e-01       9.108312466395e+01 
       2.951828852335e-01       8.906442699940e+01 
       2.983908720825e-01       8.720842369936e+01 
       3.015988597199e-01       8.549538676244e+01 
       3.048068481207e-01       8.390071361162e+01 
       3.080148372610e-01       8.239715355262e+01 
       3.112228271178e-01       8.095706901237e+01 
       3.144308176691e-01       7.955402000825e+01 
       3.176388088936e-01       7.816464663121e+01 
       3.208468007711e-01       7.677046260457e+01 
       3.240547932821e-01       7.535928899370e+01 
       3.272627864079e-01       7.392610070567e+01 
       3.304707801305e-01       7.247274764892e+01 
       3.336787744326e-01       7.100683353148e+01 
       3.368867692976e-01       6.953977814909e+01 
       3.400947647094e-01       6.808489062842e+01 
       3.433027606527e-01       6.665555339110e+01 
       3.465107571126e-01       6.526407769742e+01 
       3.497187540749e-01       6.392092047897e+01 
       3.529267515258e-01       6.263422117880e+01 
       3.561347494520e-01       6.140934524811e+01 
       3.593427478407e-01       6.024844835219e+01 
       3.625507466797e-01       5.915022274037e+01 
       3.657587459569e-01       5.810997197447e+01 
       3.689667456610e-01       5.712023493514e+01 
       3.721747457809e-01       5.617184931802e+01 
       3.753827463058e-01       5.525519481883e+01 
       3.785907472253e-01       5.436138071165e+01 
       3.817987485296e-01       5.348304271344e+01 
       3.850067502090e-01       5.261466073814e+01 
       3.882147522540e-01       5.175253503167e+01 
       3.914227546558e-01       5.089456407057e+01 
       3.946307574055e-01       5.004008979674e+01 
       3.978387604947e-01       4.918982229729e+01 
       4.010467639153e-01       4.834572885019e+01 
       4.042547676592e-01       4.751089155866e+01 
       4.074627717189e-01       4.668910190015e+01 
       4.106707760869e-01       4.588427058531e+01 
       4.138787807560e-01       4.509983982007e+01 
       4.170867857192e-01       4.433829960759e+01 
       4.202947909698e-01       4.360102507631e+01 
       4.235027965013e-01       4.288835863666e+01 
       4.267108023072e-01       4.219987214231e+01 
       4.299188083814e-01       4.153465806303e+01 
       4.331268147179e-01       4.089144958095e+01 
       4.363348213109e-01       4.026864118388e+01 
       4.395428281548e-01       3.966423452025e+01 
       4.427508352441e-01       3.907584375608e+01 
       4.459588425735e-01       3.850084979094e+01 
       4.491668501377e-01       3.793669626903e+01 
       4.523748579319e-01       3.738123508530e+01 
       4.555828659512e-01       3.683297563116e+01 
       4.587908741907e-01       3.629114181906e+01 
       4.619988826459e-01       3.575558930658e+01 
       4.652068913123e-01       3.522657109763e+01 
       4.684149001856e-01       3.470454811313e+01 
       4.716229092615e-01       3.419009036947e+01 
       4.748309185359e-01       3.368388693479e+01 
       4.780389280048e-01       3.318676734246e+01 
       4.812469376643e-01       3.269971227623e+01 
       4.844549475106e-01       3.222372912277e+01 
       4.876629575400e-01       3.175963658365e+01 
       4.908709677488e-01       3.130788349358e+01 
       4.940789781337e-01       3.086840113862e+01 
       4.972869886911e-01       3.044064301471e+01 
       5.004949994177e-01       3.002372186550e+01 
       5.037030103104e-01       2.961662439060e+01 
       5.069110213658e-01       2.921839798614e+01 
       5.101190325811e-01       2.882821055536e+01 
       5.133270439531e-01       2.844534791887e+01 
       5.165350554788e-01       2.806915640788e+01 
       5.197430671556e-01       2.769900194901e+01 
       5.229510789805e-01       2.733430860109e+01 
       5.261590909509e-01       2.697465345287e+01 
       5.293671030641e-01       2.661985486518e+01 
       5.325751153175e-01       2.627001296859e+01 
       5.357831277086e-01       2.592545466645e+01 
       5.389911402349e-01       2.558659827105e+01 
       5.421991528940e-01       2.525379548865e+01 
       5.454071656836e-01       2.492723938739e+01 
       5.486151786013e-01       2.460696016086e+01 
       5.518231916450e-01       2.429287142181e+01 
       5.550312048124e-01       2.398487216929e+01 
       5.582392181015e-01       2.368291547899e+01 
       5.614472315100e-01       2.338697580212e+01 
       5.646552450360e-01       2.309701314356e+01 
       5.678632586774e-01       2.281287372081e+01 
       5.710712724324e-01       2.253427042374e+01 
       5.742792862990e-01       2.226081666728e+01 
       5.774873002753e-01       2.199209886447e+01 
       5.806953143596e-01       2.172777865830e+01 
       5.839033285500e-01       2.146763535568e+01 
       5.871113428448e-01       2.121157131643e+01 
       5.903193572422e-01       2.095954021564e+01 
       5.935273717407e-01       2.071148146827e+01 
       5.967353863386e-01       2.046727234289e+01 
       5.999434010343e-01       2.022676027739e+01 
       6.031514158261e-01       1.998980908917e+01 
       6.063594307127e-01       1.975636497657e+01 
       6.095674456925e-01       1.952648213021e+01 
       6.127754607639e-01       1.930028453272e+01 
       6.159834759257e-01       1.907789919193e+01 
       6.191914911763e-01       1.885938486756e+01 
       6.223995065145e-01       1.864469898981e+01 
       6.256075219388e-01       1.843370748315e+01 
       6.288155374479e-01       1.822624185213e+01 
       6.320235530405e-01       1.802216527958e+01 
       6.352315687155e-01       1.782139940448e+01 
       6.384395844714e-01       1.762391445910e+01 
       6.416476003072e-01       1.742967494949e+01 
       6.448556162215e-01       1.723859979049e+01 
       6.480636322133e-01       1.705054744980e+01 
       6.512716482814e-01       1.686533467298e+01 
       6.544796644247e-01       1.668278974071e+01 
       6.576876806420e-01       1.650280824466e+01 
       6.608956969323e-01       1.632536053666e+01 
       6.641037132946e-01       1.615047771487e+01 
       6.673117297277e-01       1.597820139397e+01 
       6.705197462307e-01       1.580853073446e+01 
       6.737277628025e-01       1.564140955856e+01 
       6.769357794422e-01       1.547674232276e+01 
       6.801437961489e-01       1.531443631465e+01 
       6.833518129215e-01       1.515444125339e+01 
       6.865598297592e-01       1.499676124950e+01 
       6.897678466610e-01       1.484143277523e+01 
       6.929758636261e-01       1.468848879227e+01 
       6.961838806535e-01       1.453791143216e+01 
       6.993918977424e-01       1.438962345837e+01 
       7.025999148920e-01       1.424351356164e+01 
       7.058079321015e-01       1.409946563594e+01 
       7.090159493700e-01       1.395740807600e+01 
       7.122239666966e-01       1.381731548572e+01 
       7.154319840808e-01       1.367919897382e+01 
       7.186400015215e-01       1.354306538031e+01 
       7.218480190182e-01       1.340888580239e+01 
       7.250560365701e-01       1.327658944757e+01 
       7.282640541764e-01       1.314608328575e+01 
       7.314720718364e-01       1.301728523976e+01 
       7.346800895495e-01       1.289015415835e+01 
       7.378881073148e-01       1.276469573838e+01 
       7.410961251318e-01       1.264094271862e+01 
       7.443041429997e-01       1.251891989475e+01 
       7.475121609180e-01       1.239861583383e+01 
       7.507201788859e-01       1.227997741794e+01 
       7.539281969029e-01       1.216292683389e+01 
       7.571362149683e-01       1.204739576878e+01 
       7.603442330814e-01       1.193334779168e+01 
       7.635522512418e-01       1.182078360255e+01 
       7.667602694487e-01       1.170972593042e+01 
       7.699682877017e-01       1.160018649501e+01 
       7.731763060000e-01       1.149214447320e+01 
       7.763843243433e-01       1.138554468937e+01 
       8.555905768467e-01       9.136952100174e+00 
       9.745582479933e-01       6.777564170817e+00 
       1.167241254954e+00       4.448824813316e+00 
