
-0.8463  -0.76924
-0.8338  -1.12916
-0.8105  -1.39912
-0.7313  -1.69373
-0.686    1.89013
-0.6297  -2.04565
-0.5733  -2.21753
-0.439   -2.35686
-0.2631  -2.46968
-0.004   -2.43954
0.2886   -2.45854
0.509    -2.54488
0.6685   -2.70061
1.045    -2.79544
1.274    -2.93701
1.4997   -2.94769
1.7199   -2.95837
1.9681   -3.03249
2.2244   -3.0187
2.4168   -3.03954
2.5451   -3.08888
2.7207   -3.10151
2.8933   -3.05483
3.0018   -3.0203
3.1411   -3.00831
3.2637   -3.02083
3.35     -3.00056
3.4027   -2.92092
3.4134   -2.82075
