#k sigma/Pk
 0.0221168     0.11336573130250485
 0.0261381     0.09930211905865999
 0.0301593     0.09865703849753364
 0.0341805     0.08639849155675175
 0.0382018     0.07855361529645698
 0.042223     0.07833540326093669
 0.0462442     0.07806704523272147
 0.0502655     0.06354080319487056
 0.0542867     0.0635002710416586
 0.058308     0.06776838678646153
 0.0623292     0.06541056296640288
 0.0663504     0.06466207917379295
 0.0703717     0.06268770763500801
 0.0743929     0.06505383699671381
 0.0784142     0.06289357654739237
 0.0824354     0.06162484538775011
 0.0864566     0.06227226415947998
 0.0904779     0.06781010200447776
 0.0944991     0.06475190857263977
 0.0985203     0.06835721769757659
 0.102542     0.06814838175500555
 0.106563     0.06796706260876823
 0.110584     0.07092106375908235
 0.114605     0.06967941838878497
 0.118627     0.06479937797431308
 0.122648     0.06829730821778447
 0.126669     0.0676643156482324
 0.13069     0.06611795228550604
 0.134711     0.0702418370556807
 0.138733     0.0715760008619833
 0.142754     0.06848091498064825
 0.146775     0.06992824584159509
 0.150796     0.07477175425106597
 0.154818     0.07351729683357539
 0.158839     0.07273017185434454
 0.16286     0.07593048697155357
 0.166881     0.07963405117332673
 0.170903     0.08159394064261102
 0.174924     0.07932253855983167
 0.178945     0.08119693557269858
 0.182966     0.08054868857761549
 0.186988     0.08231359241763823
 0.191009     0.07979306727399743
 0.19503     0.08116052995037086
 0.199051     0.08187502848326332
